13071302
11532801
12333401
13182700
12050900
11582600
11260700
13361500
11484700
11332400
12094501
12344400
13290400
11223401
12235800
12231201
13045800
11324201
11115801
13041801
13415301
11403900
13354700
11592400
13044201
12100301
11295300
11245100
11370800
13312000
12151000
13065300
13133001
12581801
12043400
11590200
12372700
12560701
13412500
13414800
12060900
12290000
12244500
12214100
13201501
12305901
12285200
12325601
12115200
12080100
12064500
12102901
12303901
13213300
13373500
10533200
13323501
13004200
13334901
12551500
12083301
12084901
11160700
11151901
12031600
12313500
13431100
13280300
12303401
13324700
13131001
11342300
13045803
13015600
13245403
13212200
13415400
13114403
11165401
11375000
12312200
12333302
13082100
12554200
12231703
12094000
11185702
11014700
11475801
12015701
11291300
11244600
12003600
11353500
12015800
11333800
13344101
11581200
11410000
10590802
12350901
11551500
11093701
12182800
13240900
13010100
